00000000000100000000000010010011
00000000000100000010000000100011
00000000001000000000000100010011
00000000001100000000000110010011
00000000010000000000001000010011
00000000010100000000001010010011
00111111111100000000001100010011
00000000000000000000001110010011
00000000000000000000010000010011
00000000100100000000010010010011
00000000101000000000010100010011
00000000101100000000010110010011
00000000110000000000011000010011
00000000101000000000011010010011
00000000000000000000011100010011
00000000000001110010000010000011
00000000001000001000101010110011
00000000001110101000101100110011
00000000010010110000101110110011
01000000010110111000110000110011
00000000011011000111110010110011
00000000011111001110110100110011
00000000100011010100110110110011
00000000010001110000011100010011
00000001101101110010000000100011
00000000010101101001111000110011
00000000001111100101111010110011
00000000010101101010111100110011
00000001110111110000111110110011
00000000010001110000011100010011
00000001111101110010000000100011
11111111111101101000011010010011
11111010110100000001111011100011
